
#S(RANDOM-STATE
     :INDEX 0
     :WEYL 0.0d0
     :CACHE #(0.9222503577509689d0 0.12732882077952679d0 0.25598804242015916d0
              0.8316905126181422d0 0.9614395053039194d0 0.5072339904186124d0
              0.6507870598039457d0 0.1455543460361589d0 0.050863908726962226d0
              0.7561853965918355d0 0.8522314992087067d0 0.14905357720919532d0
              0.7647620004088875d0 0.7856837875643823d0 0.1392518613549426d0
              0.9374850264577771d0 0.1811737226323873d0 0.8132811146912853d0
              0.413825795814889d0 0.3992535083657499d0 0.6793531448393151d0
              0.8430153554250703d0 0.7903074660340926d0 0.9396693125462877d0
              0.006120426236137511d0 0.5177174695330047d0 0.3896699613636755d0
              0.0853444194516928d0 0.4592582193458643d0 0.21009532703015021d0
              0.004196623130276911d0 0.27099645871593414d0)
     :BORROW 0.0d0) 